(kicad_pcb (version 20171130) (host pcbnew 5.1.5+dfsg1-2build2)

  (general
    (thickness 1.6)
    (drawings 76)
    (tracks 0)
    (zones 0)
    (modules 55)
    (nets 126)
  )

  (page A3)
  (layers
    (0 F.Cu signal)
    (31 B.Cu signal)
    (32 B.Adhes user)
    (33 F.Adhes user)
    (34 B.Paste user)
    (35 F.Paste user)
    (36 B.SilkS user)
    (37 F.SilkS user)
    (38 B.Mask user)
    (39 F.Mask user)
    (40 Dwgs.User user)
    (41 Cmts.User user)
    (42 Eco1.User user)
    (43 Eco2.User user)
    (44 Edge.Cuts user)
    (45 Margin user)
    (46 B.CrtYd user)
    (47 F.CrtYd user)
    (48 B.Fab user)
    (49 F.Fab user)
  )

  (setup
    (last_trace_width 0.25)
    (trace_clearance 0.2)
    (zone_clearance 0.508)
    (zone_45_only no)
    (trace_min 0.2)
    (via_size 0.8)
    (via_drill 0.4)
    (via_min_size 0.4)
    (via_min_drill 0.3)
    (uvia_size 0.3)
    (uvia_drill 0.1)
    (uvias_allowed no)
    (uvia_min_size 0.2)
    (uvia_min_drill 0.1)
    (edge_width 0.05)
    (segment_width 0.2)
    (pcb_text_width 0.3)
    (pcb_text_size 1.5 1.5)
    (mod_edge_width 0.12)
    (mod_text_size 1 1)
    (mod_text_width 0.15)
    (pad_size 1.524 1.524)
    (pad_drill 0.762)
    (pad_to_mask_clearance 0.051)
    (solder_mask_min_width 0.25)
    (aux_axis_origin 0 0)
    (visible_elements FFFFFF7F)
    (pcbplotparams
      (layerselection 0x010fc_ffffffff)
      (usegerberextensions false)
      (usegerberattributes false)
      (usegerberadvancedattributes false)
      (creategerberjobfile false)
      (excludeedgelayer true)
      (linewidth 0.100000)
      (plotframeref false)
      (viasonmask false)
      (mode 1)
      (useauxorigin false)
      (hpglpennumber 1)
      (hpglpenspeed 20)
      (hpglpendiameter 15.000000)
      (psnegative false)
      (psa4output false)
      (plotreference true)
      (plotvalue true)
      (plotinvisibletext false)
      (padsonsilk false)
      (subtractmaskfromsilk false)
      (outputformat 1)
      (mirror false)
      (drillshape 1)
      (scaleselection 1)
      (outputdirectory ""))
  )

  (net 0 "")
  (net 1 GND)
  (net 2 A0)
  (net 3 A1)
  (net 4 A2)
  (net 5 A3)
  (net 6 A4)
  (net 7 A5)
  (net 8 A6)
  (net 9 A7)
  (net 10 A8)
  (net 11 A9)
  (net 12 A10)
  (net 13 A11)
  (net 14 "Net-(D1-Pad1)")
  (net 15 "Net-(D1-Pad2)")
  (net 16 "Net-(D2-Pad1)")
  (net 17 "Net-(D2-Pad2)")
  (net 18 +3V3)
  (net 19 "Net-(IR1-Pad1)")
  (net 20 "Net-(IR2-Pad1)")
  (net 21 "Net-(IR3-Pad1)")
  (net 22 "Net-(IR4-Pad1)")
  (net 23 "Net-(IR5-Pad1)")
  (net 24 "Net-(IR6-Pad1)")
  (net 25 "Net-(IR7-Pad1)")
  (net 26 "Net-(IR8-Pad1)")
  (net 27 "Net-(IR9-Pad1)")
  (net 28 "Net-(IR10-Pad1)")
  (net 29 "Net-(IR11-Pad1)")
  (net 30 "Net-(IR12-Pad1)")
  (net 31 "Net-(J1-Pad1)")
  (net 32 "Net-(J1-Pad2)")
  (net 33 M1_A)
  (net 34 M1_B)
  (net 35 +5V)
  (net 36 "Net-(J3-Pad2)")
  (net 37 "Net-(J3-Pad1)")
  (net 38 M2_A)
  (net 39 M2_B)
  (net 40 "Net-(J5-Pad1)")
  (net 41 "Net-(J5-Pad2)")
  (net 42 M3_B)
  (net 43 M3_A)
  (net 44 "Net-(J7-Pad2)")
  (net 45 "Net-(J7-Pad3)")
  (net 46 "Net-(J7-Pad7)")
  (net 47 "Net-(J7-Pad8)")
  (net 48 "Net-(J7-Pad21)")
  (net 49 "Net-(J7-Pad22)")
  (net 50 "Net-(J7-Pad23)")
  (net 51 "Net-(J7-Pad24)")
  (net 52 "Net-(J7-Pad25)")
  (net 53 "Net-(J7-Pad26)")
  (net 54 "Net-(J7-Pad27)")
  (net 55 "Net-(J7-Pad28)")
  (net 56 "Net-(J7-Pad29)")
  (net 57 "Net-(J7-Pad30)")
  (net 58 "Net-(J7-Pad31)")
  (net 59 "Net-(J7-Pad32)")
  (net 60 "Net-(J7-Pad33)")
  (net 61 "Net-(J7-Pad34)")
  (net 62 "Net-(J7-Pad35)")
  (net 63 "Net-(J7-Pad36)")
  (net 64 "Net-(J7-Pad37)")
  (net 65 "Net-(J7-Pad38)")
  (net 66 "Net-(J7-Pad39)")
  (net 67 "Net-(J7-Pad40)")
  (net 68 "Net-(J7-Pad41)")
  (net 69 "Net-(J7-Pad42)")
  (net 70 "Net-(J7-Pad43)")
  (net 71 "Net-(J7-Pad44)")
  (net 72 "Net-(J7-Pad45)")
  (net 73 "Net-(J7-Pad46)")
  (net 74 "Net-(J7-Pad47)")
  (net 75 "Net-(J7-Pad48)")
  (net 76 "Net-(J7-Pad49)")
  (net 77 "Net-(J7-Pad50)")
  (net 78 "Net-(J7-Pad51)")
  (net 79 "Net-(J7-Pad52)")
  (net 80 "Net-(J7-Pad53)")
  (net 81 "Net-(J7-Pad54)")
  (net 82 "Net-(J7-Pad55)")
  (net 83 "Net-(J7-Pad56)")
  (net 84 "Net-(J7-Pad57)")
  (net 85 "Net-(J7-Pad58)")
  (net 86 "Net-(J7-Pad59)")
  (net 87 "Net-(J7-Pad60)")
  (net 88 "Net-(J7-Pad61)")
  (net 89 "Net-(J7-Pad62)")
  (net 90 "Net-(J7-Pad63)")
  (net 91 "Net-(J7-Pad64)")
  (net 92 "Net-(J7-Pad65)")
  (net 93 "Net-(J7-Pad66)")
  (net 94 "Net-(J7-Pad67)")
  (net 95 "Net-(J7-Pad68)")
  (net 96 "Net-(J7-Pad69)")
  (net 97 "Net-(J7-Pad70)")
  (net 98 M1_AIN1)
  (net 99 M1_AIN2)
  (net 100 M1_PWMA)
  (net 101 M2_BIN1)
  (net 102 M2_BIN2)
  (net 103 M2_PWMB)
  (net 104 M3_AIN1)
  (net 105 M3_AIN2)
  (net 106 "Net-(J7-Pad80)")
  (net 107 "Net-(J7-Pad81)")
  (net 108 "Net-(J7-Pad82)")
  (net 109 "Net-(J7-Pad83)")
  (net 110 "Net-(J7-Pad84)")
  (net 111 "Net-(J7-Pad85)")
  (net 112 "Net-(J7-Pad86)")
  (net 113 "Net-(J8-Pad2)")
  (net 114 "Net-(Q2-Pad3)")
  (net 115 "Net-(R14-Pad2)")
  (net 116 "Net-(SW1-Pad3)")
  (net 117 +12V)
  (net 118 M3_PWMA)
  (net 119 "Net-(U2-Pad5)")
  (net 120 "Net-(U2-Pad6)")
  (net 121 "Net-(U2-Pad7)")
  (net 122 "Net-(U2-Pad11)")
  (net 123 "Net-(U2-Pad12)")
  (net 124 "Net-(U3-Pad1)")
  (net 125 "Net-(U4-Pad3)")

  (net_class Default "This is the default net class."
    (clearance 0.2)
    (trace_width 0.25)
    (via_dia 0.8)
    (via_drill 0.4)
    (uvia_dia 0.3)
    (uvia_drill 0.1)
    (add_net +12V)
    (add_net +3V3)
    (add_net +5V)
    (add_net A0)
    (add_net A1)
    (add_net A10)
    (add_net A11)
    (add_net A2)
    (add_net A3)
    (add_net A4)
    (add_net A5)
    (add_net A6)
    (add_net A7)
    (add_net A8)
    (add_net A9)
    (add_net GND)
    (add_net M1_A)
    (add_net M1_AIN1)
    (add_net M1_AIN2)
    (add_net M1_B)
    (add_net M1_PWMA)
    (add_net M2_A)
    (add_net M2_B)
    (add_net M2_BIN1)
    (add_net M2_BIN2)
    (add_net M2_PWMB)
    (add_net M3_A)
    (add_net M3_AIN1)
    (add_net M3_AIN2)
    (add_net M3_B)
    (add_net M3_PWMA)
    (add_net "Net-(D1-Pad1)")
    (add_net "Net-(D1-Pad2)")
    (add_net "Net-(D2-Pad1)")
    (add_net "Net-(D2-Pad2)")
    (add_net "Net-(IR1-Pad1)")
    (add_net "Net-(IR10-Pad1)")
    (add_net "Net-(IR11-Pad1)")
    (add_net "Net-(IR12-Pad1)")
    (add_net "Net-(IR2-Pad1)")
    (add_net "Net-(IR3-Pad1)")
    (add_net "Net-(IR4-Pad1)")
    (add_net "Net-(IR5-Pad1)")
    (add_net "Net-(IR6-Pad1)")
    (add_net "Net-(IR7-Pad1)")
    (add_net "Net-(IR8-Pad1)")
    (add_net "Net-(IR9-Pad1)")
    (add_net "Net-(J1-Pad1)")
    (add_net "Net-(J1-Pad2)")
    (add_net "Net-(J3-Pad1)")
    (add_net "Net-(J3-Pad2)")
    (add_net "Net-(J5-Pad1)")
    (add_net "Net-(J5-Pad2)")
    (add_net "Net-(J7-Pad2)")
    (add_net "Net-(J7-Pad21)")
    (add_net "Net-(J7-Pad22)")
    (add_net "Net-(J7-Pad23)")
    (add_net "Net-(J7-Pad24)")
    (add_net "Net-(J7-Pad25)")
    (add_net "Net-(J7-Pad26)")
    (add_net "Net-(J7-Pad27)")
    (add_net "Net-(J7-Pad28)")
    (add_net "Net-(J7-Pad29)")
    (add_net "Net-(J7-Pad3)")
    (add_net "Net-(J7-Pad30)")
    (add_net "Net-(J7-Pad31)")
    (add_net "Net-(J7-Pad32)")
    (add_net "Net-(J7-Pad33)")
    (add_net "Net-(J7-Pad34)")
    (add_net "Net-(J7-Pad35)")
    (add_net "Net-(J7-Pad36)")
    (add_net "Net-(J7-Pad37)")
    (add_net "Net-(J7-Pad38)")
    (add_net "Net-(J7-Pad39)")
    (add_net "Net-(J7-Pad40)")
    (add_net "Net-(J7-Pad41)")
    (add_net "Net-(J7-Pad42)")
    (add_net "Net-(J7-Pad43)")
    (add_net "Net-(J7-Pad44)")
    (add_net "Net-(J7-Pad45)")
    (add_net "Net-(J7-Pad46)")
    (add_net "Net-(J7-Pad47)")
    (add_net "Net-(J7-Pad48)")
    (add_net "Net-(J7-Pad49)")
    (add_net "Net-(J7-Pad50)")
    (add_net "Net-(J7-Pad51)")
    (add_net "Net-(J7-Pad52)")
    (add_net "Net-(J7-Pad53)")
    (add_net "Net-(J7-Pad54)")
    (add_net "Net-(J7-Pad55)")
    (add_net "Net-(J7-Pad56)")
    (add_net "Net-(J7-Pad57)")
    (add_net "Net-(J7-Pad58)")
    (add_net "Net-(J7-Pad59)")
    (add_net "Net-(J7-Pad60)")
    (add_net "Net-(J7-Pad61)")
    (add_net "Net-(J7-Pad62)")
    (add_net "Net-(J7-Pad63)")
    (add_net "Net-(J7-Pad64)")
    (add_net "Net-(J7-Pad65)")
    (add_net "Net-(J7-Pad66)")
    (add_net "Net-(J7-Pad67)")
    (add_net "Net-(J7-Pad68)")
    (add_net "Net-(J7-Pad69)")
    (add_net "Net-(J7-Pad7)")
    (add_net "Net-(J7-Pad70)")
    (add_net "Net-(J7-Pad8)")
    (add_net "Net-(J7-Pad80)")
    (add_net "Net-(J7-Pad81)")
    (add_net "Net-(J7-Pad82)")
    (add_net "Net-(J7-Pad83)")
    (add_net "Net-(J7-Pad84)")
    (add_net "Net-(J7-Pad85)")
    (add_net "Net-(J7-Pad86)")
    (add_net "Net-(J8-Pad2)")
    (add_net "Net-(Q2-Pad3)")
    (add_net "Net-(R14-Pad2)")
    (add_net "Net-(SW1-Pad3)")
    (add_net "Net-(U2-Pad11)")
    (add_net "Net-(U2-Pad12)")
    (add_net "Net-(U2-Pad5)")
    (add_net "Net-(U2-Pad6)")
    (add_net "Net-(U2-Pad7)")
    (add_net "Net-(U3-Pad1)")
    (add_net "Net-(U4-Pad3)")
  )

  (module "3rd party libs:DPAK229P990X239-3N" (layer F.Cu) (tedit 5FF70AD3) (tstamp 5FF60497)
    (at 257.825 95.616276 300)
    (path /6037D72A)
    (fp_text reference Q2 (at 0.165 -4.258 120) (layer F.SilkS)
      (effects (font (size 0.8 0.8) (thickness 0.015)))
    )
    (fp_text value IRFR120ZTRPBF (at 6.769 4.258 120) (layer F.Fab)
      (effects (font (size 0.8 0.8) (thickness 0.015)))
    )
    (fp_poly (pts (xy 3.775 0.375) (xy 5.305 0.375) (xy 5.305 1.865) (xy 3.775 1.865)) (layer F.Paste) (width 0.01))
    (fp_poly (pts (xy 1.745 0.375) (xy 3.275 0.375) (xy 3.275 1.865) (xy 1.745 1.865)) (layer F.Paste) (width 0.01))
    (fp_poly (pts (xy -0.285 0.375) (xy 1.245 0.375) (xy 1.245 1.865) (xy -0.285 1.865)) (layer F.Paste) (width 0.01))
    (fp_poly (pts (xy 3.775 -1.865) (xy 5.305 -1.865) (xy 5.305 -0.375) (xy 3.775 -0.375)) (layer F.Paste) (width 0.01))
    (fp_poly (pts (xy -0.285 -1.865) (xy 1.245 -1.865) (xy 1.245 -0.375) (xy -0.285 -0.375)) (layer F.Paste) (width 0.01))
    (fp_poly (pts (xy 1.745 -1.865) (xy 3.275 -1.865) (xy 3.275 -0.375) (xy 1.745 -0.375)) (layer F.Paste) (width 0.01))
    (fp_circle (center -6.25 -2.3125) (end -6.15 -2.3125) (layer F.Fab) (width 0.2))
    (fp_circle (center -6.25 -2.3125) (end -6.15 -2.3125) (layer F.SilkS) (width 0.2))
    (fp_line (start -2.373 -3.025) (end -5.805 -3.025) (layer F.CrtYd) (width 0.05))
    (fp_line (start -2.373 -3.62) (end -2.373 -3.025) (layer F.CrtYd) (width 0.05))
    (fp_line (start 4.348 -3.62) (end -2.373 -3.62) (layer F.CrtYd) (width 0.05))
    (fp_line (start 4.348 -2.495) (end 4.348 -3.62) (layer F.CrtYd) (width 0.05))
    (fp_line (start 5.81 -2.495) (end 4.348 -2.495) (layer F.CrtYd) (width 0.05))
    (fp_line (start 5.81 2.495) (end 5.81 -2.495) (layer F.CrtYd) (width 0.05))
    (fp_line (start 4.348 2.495) (end 5.81 2.495) (layer F.CrtYd) (width 0.05))
    (fp_line (start 4.348 3.62) (end 4.348 2.495) (layer F.CrtYd) (width 0.05))
    (fp_line (start -2.373 3.62) (end 4.348 3.62) (layer F.CrtYd) (width 0.05))
    (fp_line (start -2.373 3.025) (end -2.373 3.62) (layer F.CrtYd) (width 0.05))
    (fp_line (start -5.805 3.025) (end -2.373 3.025) (layer F.CrtYd) (width 0.05))
    (fp_line (start -5.805 -3.025) (end -5.805 3.025) (layer F.CrtYd) (width 0.05))
    (fp_line (start -2.123 -3.37) (end -2.123 3.37) (layer F.SilkS) (width 0.127))
    (fp_line (start 4.098 3.37) (end 4.098 2.565) (layer F.SilkS) (width 0.127))
    (fp_line (start 4.098 -2.565) (end 4.098 -3.37) (layer F.SilkS) (width 0.127))
    (fp_line (start -2.123 3.37) (end 4.098 3.37) (layer F.SilkS) (width 0.127))
    (fp_line (start 4.098 -3.37) (end -2.123 -3.37) (layer F.SilkS) (width 0.127))
    (fp_line (start 4.098 -3.37) (end -2.123 -3.37) (layer F.Fab) (width 0.127))
    (fp_line (start 4.098 3.37) (end 4.098 -3.37) (layer F.Fab) (width 0.127))
    (fp_line (start -2.123 3.37) (end 4.098 3.37) (layer F.Fab) (width 0.127))
    (fp_line (start -2.123 -3.37) (end -2.123 3.37) (layer F.Fab) (width 0.127))
    (pad 1 smd rect (at 2.51 0 300) (size 6.100001 4.490001) (layers F.Cu F.Mask)
      (net 14 "Net-(D1-Pad1)"))
    (pad 3 smd rect (at -4.14 2.29 300) (size 2.829999 0.97) (layers F.Cu F.Paste F.Mask)
      (net 114 "Net-(Q2-Pad3)"))
    (pad 2 smd rect (at -4.14 -2.29 300) (size 2.829999 0.97) (layers F.Cu F.Paste F.Mask)
      (net 16 "Net-(D2-Pad1)"))
  )

  (module Capacitor_SMD:C_1206_3216Metric_Pad1.42x1.75mm_HandSolder (layer F.Cu) (tedit 5B301BBE) (tstamp 5FF601A2)
    (at 203.735001 82.125001)
    (descr "Capacitor SMD 1206 (3216 Metric), square (rectangular) end terminal, IPC_7351 nominal with elongated pad for handsoldering. (Body size source: http://www.tortai-tech.com/upload/download/2011102023233369053.pdf), generated with kicad-footprint-generator")
    (tags "capacitor handsolder")
    (path /5FF2B788)
    (attr smd)
    (fp_text reference C1 (at 0 -1.82) (layer F.SilkS)
      (effects (font (size 1 1) (thickness 0.15)))
    )
    (fp_text value 0.1uF (at 0 1.82) (layer F.Fab)
      (effects (font (size 1 1) (thickness 0.15)))
    )
    (fp_line (start -1.6 0.8) (end -1.6 -0.8) (layer F.Fab) (width 0.1))
    (fp_line (start -1.6 -0.8) (end 1.6 -0.8) (layer F.Fab) (width 0.1))
    (fp_line (start 1.6 -0.8) (end 1.6 0.8) (layer F.Fab) (width 0.1))
    (fp_line (start 1.6 0.8) (end -1.6 0.8) (layer F.Fab) (width 0.1))
    (fp_line (start -0.602064 -0.91) (end 0.602064 -0.91) (layer F.SilkS) (width 0.12))
    (fp_line (start -0.602064 0.91) (end 0.602064 0.91) (layer F.SilkS) (width 0.12))
    (fp_line (start -2.45 1.12) (end -2.45 -1.12) (layer F.CrtYd) (width 0.05))
    (fp_line (start -2.45 -1.12) (end 2.45 -1.12) (layer F.CrtYd) (width 0.05))
    (fp_line (start 2.45 -1.12) (end 2.45 1.12) (layer F.CrtYd) (width 0.05))
    (fp_line (start 2.45 1.12) (end -2.45 1.12) (layer F.CrtYd) (width 0.05))
    (fp_text user %R (at 0 0) (layer F.Fab)
      (effects (font (size 0.8 0.8) (thickness 0.12)))
    )
    (pad 1 smd roundrect (at -1.4875 0) (size 1.425 1.75) (layers F.Cu F.Paste F.Mask) (roundrect_rratio 0.175439)
      (net 1 GND))
    (pad 2 smd roundrect (at 1.4875 0) (size 1.425 1.75) (layers F.Cu F.Paste F.Mask) (roundrect_rratio 0.175439)
      (net 2 A0))
    (model ${KISYS3DMOD}/Capacitor_SMD.3dshapes/C_1206_3216Metric.wrl
      (at (xyz 0 0 0))
      (scale (xyz 1 1 1))
      (rotate (xyz 0 0 0))
    )
  )

  (module Capacitor_SMD:C_1206_3216Metric_Pad1.42x1.75mm_HandSolder (layer F.Cu) (tedit 5B301BBE) (tstamp 5FF601B3)
    (at 190.395001 103.265001)
    (descr "Capacitor SMD 1206 (3216 Metric), square (rectangular) end terminal, IPC_7351 nominal with elongated pad for handsoldering. (Body size source: http://www.tortai-tech.com/upload/download/2011102023233369053.pdf), generated with kicad-footprint-generator")
    (tags "capacitor handsolder")
    (path /5FF6E294)
    (attr smd)
    (fp_text reference C2 (at 0 -1.82) (layer F.SilkS)
      (effects (font (size 1 1) (thickness 0.15)))
    )
    (fp_text value 0.1uF (at 0 1.82) (layer F.Fab)
      (effects (font (size 1 1) (thickness 0.15)))
    )
    (fp_line (start -1.6 0.8) (end -1.6 -0.8) (layer F.Fab) (width 0.1))
    (fp_line (start -1.6 -0.8) (end 1.6 -0.8) (layer F.Fab) (width 0.1))
    (fp_line (start 1.6 -0.8) (end 1.6 0.8) (layer F.Fab) (width 0.1))
    (fp_line (start 1.6 0.8) (end -1.6 0.8) (layer F.Fab) (width 0.1))
    (fp_line (start -0.602064 -0.91) (end 0.602064 -0.91) (layer F.SilkS) (width 0.12))
    (fp_line (start -0.602064 0.91) (end 0.602064 0.91) (layer F.SilkS) (width 0.12))
    (fp_line (start -2.45 1.12) (end -2.45 -1.12) (layer F.CrtYd) (width 0.05))
    (fp_line (start -2.45 -1.12) (end 2.45 -1.12) (layer F.CrtYd) (width 0.05))
    (fp_line (start 2.45 -1.12) (end 2.45 1.12) (layer F.CrtYd) (width 0.05))
    (fp_line (start 2.45 1.12) (end -2.45 1.12) (layer F.CrtYd) (width 0.05))
    (fp_text user %R (at 0 0) (layer F.Fab)
      (effects (font (size 0.8 0.8) (thickness 0.12)))
    )
    (pad 1 smd roundrect (at -1.4875 0) (size 1.425 1.75) (layers F.Cu F.Paste F.Mask) (roundrect_rratio 0.175439)
      (net 1 GND))
    (pad 2 smd roundrect (at 1.4875 0) (size 1.425 1.75) (layers F.Cu F.Paste F.Mask) (roundrect_rratio 0.175439)
      (net 3 A1))
    (model ${KISYS3DMOD}/Capacitor_SMD.3dshapes/C_1206_3216Metric.wrl
      (at (xyz 0 0 0))
      (scale (xyz 1 1 1))
      (rotate (xyz 0 0 0))
    )
  )

  (module Capacitor_SMD:C_1206_3216Metric_Pad1.42x1.75mm_HandSolder (layer F.Cu) (tedit 5B301BBE) (tstamp 5FF601C4)
    (at 214.845001 78.265001)
    (descr "Capacitor SMD 1206 (3216 Metric), square (rectangular) end terminal, IPC_7351 nominal with elongated pad for handsoldering. (Body size source: http://www.tortai-tech.com/upload/download/2011102023233369053.pdf), generated with kicad-footprint-generator")
    (tags "capacitor handsolder")
    (path /5FF7093C)
    (attr smd)
    (fp_text reference C3 (at 0 -1.82) (layer F.SilkS)
      (effects (font (size 1 1) (thickness 0.15)))
    )
    (fp_text value 0.1uF (at 0 1.82) (layer F.Fab)
      (effects (font (size 1 1) (thickness 0.15)))
    )
    (fp_line (start -1.6 0.8) (end -1.6 -0.8) (layer F.Fab) (width 0.1))
    (fp_line (start -1.6 -0.8) (end 1.6 -0.8) (layer F.Fab) (width 0.1))
    (fp_line (start 1.6 -0.8) (end 1.6 0.8) (layer F.Fab) (width 0.1))
    (fp_line (start 1.6 0.8) (end -1.6 0.8) (layer F.Fab) (width 0.1))
    (fp_line (start -0.602064 -0.91) (end 0.602064 -0.91) (layer F.SilkS) (width 0.12))
    (fp_line (start -0.602064 0.91) (end 0.602064 0.91) (layer F.SilkS) (width 0.12))
    (fp_line (start -2.45 1.12) (end -2.45 -1.12) (layer F.CrtYd) (width 0.05))
    (fp_line (start -2.45 -1.12) (end 2.45 -1.12) (layer F.CrtYd) (width 0.05))
    (fp_line (start 2.45 -1.12) (end 2.45 1.12) (layer F.CrtYd) (width 0.05))
    (fp_line (start 2.45 1.12) (end -2.45 1.12) (layer F.CrtYd) (width 0.05))
    (fp_text user %R (at 0 0) (layer F.Fab)
      (effects (font (size 0.8 0.8) (thickness 0.12)))
    )
    (pad 1 smd roundrect (at -1.4875 0) (size 1.425 1.75) (layers F.Cu F.Paste F.Mask) (roundrect_rratio 0.175439)
      (net 1 GND))
    (pad 2 smd roundrect (at 1.4875 0) (size 1.425 1.75) (layers F.Cu F.Paste F.Mask) (roundrect_rratio 0.175439)
      (net 4 A2))
    (model ${KISYS3DMOD}/Capacitor_SMD.3dshapes/C_1206_3216Metric.wrl
      (at (xyz 0 0 0))
      (scale (xyz 1 1 1))
      (rotate (xyz 0 0 0))
    )
  )

  (module Capacitor_SMD:C_1206_3216Metric_Pad1.42x1.75mm_HandSolder (layer F.Cu) (tedit 5B301BBE) (tstamp 5FF601D5)
    (at 184.555001 107.885001)
    (descr "Capacitor SMD 1206 (3216 Metric), square (rectangular) end terminal, IPC_7351 nominal with elongated pad for handsoldering. (Body size source: http://www.tortai-tech.com/upload/download/2011102023233369053.pdf), generated with kicad-footprint-generator")
    (tags "capacitor handsolder")
    (path /5FF7356C)
    (attr smd)
    (fp_text reference C4 (at 0 -1.82) (layer F.SilkS)
      (effects (font (size 1 1) (thickness 0.15)))
    )
    (fp_text value 0.1uF (at 0 1.82) (layer F.Fab)
      (effects (font (size 1 1) (thickness 0.15)))
    )
    (fp_line (start -1.6 0.8) (end -1.6 -0.8) (layer F.Fab) (width 0.1))
    (fp_line (start -1.6 -0.8) (end 1.6 -0.8) (layer F.Fab) (width 0.1))
    (fp_line (start 1.6 -0.8) (end 1.6 0.8) (layer F.Fab) (width 0.1))
    (fp_line (start 1.6 0.8) (end -1.6 0.8) (layer F.Fab) (width 0.1))
    (fp_line (start -0.602064 -0.91) (end 0.602064 -0.91) (layer F.SilkS) (width 0.12))
    (fp_line (start -0.602064 0.91) (end 0.602064 0.91) (layer F.SilkS) (width 0.12))
    (fp_line (start -2.45 1.12) (end -2.45 -1.12) (layer F.CrtYd) (width 0.05))
    (fp_line (start -2.45 -1.12) (end 2.45 -1.12) (layer F.CrtYd) (width 0.05))
    (fp_line (start 2.45 -1.12) (end 2.45 1.12) (layer F.CrtYd) (width 0.05))
    (fp_line (start 2.45 1.12) (end -2.45 1.12) (layer F.CrtYd) (width 0.05))
    (fp_text user %R (at 0 0) (layer F.Fab)
      (effects (font (size 0.8 0.8) (thickness 0.12)))
    )
    (pad 1 smd roundrect (at -1.4875 0) (size 1.425 1.75) (layers F.Cu F.Paste F.Mask) (roundrect_rratio 0.175439)
      (net 1 GND))
    (pad 2 smd roundrect (at 1.4875 0) (size 1.425 1.75) (layers F.Cu F.Paste F.Mask) (roundrect_rratio 0.175439)
      (net 5 A3))
    (model ${KISYS3DMOD}/Capacitor_SMD.3dshapes/C_1206_3216Metric.wrl
      (at (xyz 0 0 0))
      (scale (xyz 1 1 1))
      (rotate (xyz 0 0 0))
    )
  )

  (module Capacitor_SMD:C_1206_3216Metric_Pad1.42x1.75mm_HandSolder (layer F.Cu) (tedit 5B301BBE) (tstamp 5FF601E6)
    (at 175.815001 115.305001)
    (descr "Capacitor SMD 1206 (3216 Metric), square (rectangular) end terminal, IPC_7351 nominal with elongated pad for handsoldering. (Body size source: http://www.tortai-tech.com/upload/download/2011102023233369053.pdf), generated with kicad-footprint-generator")
    (tags "capacitor handsolder")
    (path /5FF75EF9)
    (attr smd)
    (fp_text reference C5 (at 0 -1.82) (layer F.SilkS)
      (effects (font (size 1 1) (thickness 0.15)))
    )
    (fp_text value 0.1uF (at 0 1.82) (layer F.Fab)
      (effects (font (size 1 1) (thickness 0.15)))
    )
    (fp_line (start -1.6 0.8) (end -1.6 -0.8) (layer F.Fab) (width 0.1))
    (fp_line (start -1.6 -0.8) (end 1.6 -0.8) (layer F.Fab) (width 0.1))
    (fp_line (start 1.6 -0.8) (end 1.6 0.8) (layer F.Fab) (width 0.1))
    (fp_line (start 1.6 0.8) (end -1.6 0.8) (layer F.Fab) (width 0.1))
    (fp_line (start -0.602064 -0.91) (end 0.602064 -0.91) (layer F.SilkS) (width 0.12))
    (fp_line (start -0.602064 0.91) (end 0.602064 0.91) (layer F.SilkS) (width 0.12))
    (fp_line (start -2.45 1.12) (end -2.45 -1.12) (layer F.CrtYd) (width 0.05))
    (fp_line (start -2.45 -1.12) (end 2.45 -1.12) (layer F.CrtYd) (width 0.05))
    (fp_line (start 2.45 -1.12) (end 2.45 1.12) (layer F.CrtYd) (width 0.05))
    (fp_line (start 2.45 1.12) (end -2.45 1.12) (layer F.CrtYd) (width 0.05))
    (fp_text user %R (at 0 0) (layer F.Fab)
      (effects (font (size 0.8 0.8) (thickness 0.12)))
    )
    (pad 1 smd roundrect (at -1.4875 0) (size 1.425 1.75) (layers F.Cu F.Paste F.Mask) (roundrect_rratio 0.175439)
      (net 1 GND))
    (pad 2 smd roundrect (at 1.4875 0) (size 1.425 1.75) (layers F.Cu F.Paste F.Mask) (roundrect_rratio 0.175439)
      (net 6 A4))
    (model ${KISYS3DMOD}/Capacitor_SMD.3dshapes/C_1206_3216Metric.wrl
      (at (xyz 0 0 0))
      (scale (xyz 1 1 1))
      (rotate (xyz 0 0 0))
    )
  )

  (module Capacitor_SMD:C_1206_3216Metric_Pad1.42x1.75mm_HandSolder (layer F.Cu) (tedit 5B301BBE) (tstamp 5FF601F7)
    (at 214.845001 74.975001)
    (descr "Capacitor SMD 1206 (3216 Metric), square (rectangular) end terminal, IPC_7351 nominal with elongated pad for handsoldering. (Body size source: http://www.tortai-tech.com/upload/download/2011102023233369053.pdf), generated with kicad-footprint-generator")
    (tags "capacitor handsolder")
    (path /5FF78F25)
    (attr smd)
    (fp_text reference C6 (at 0 -1.82) (layer F.SilkS)
      (effects (font (size 1 1) (thickness 0.15)))
    )
    (fp_text value 0.1uF (at 0 1.82) (layer F.Fab)
      (effects (font (size 1 1) (thickness 0.15)))
    )
    (fp_text user %R (at 0 0) (layer F.Fab)
      (effects (font (size 0.8 0.8) (thickness 0.12)))
    )
    (fp_line (start 2.45 1.12) (end -2.45 1.12) (layer F.CrtYd) (width 0.05))
    (fp_line (start 2.45 -1.12) (end 2.45 1.12) (layer F.CrtYd) (width 0.05))
    (fp_line (start -2.45 -1.12) (end 2.45 -1.12) (layer F.CrtYd) (width 0.05))
    (fp_line (start -2.45 1.12) (end -2.45 -1.12) (layer F.CrtYd) (width 0.05))
    (fp_line (start -0.602064 0.91) (end 0.602064 0.91) (layer F.SilkS) (width 0.12))
    (fp_line (start -0.602064 -0.91) (end 0.602064 -0.91) (layer F.SilkS) (width 0.12))
    (fp_line (start 1.6 0.8) (end -1.6 0.8) (layer F.Fab) (width 0.1))
    (fp_line (start 1.6 -0.8) (end 1.6 0.8) (layer F.Fab) (width 0.1))
    (fp_line (start -1.6 -0.8) (end 1.6 -0.8) (layer F.Fab) (width 0.1))
    (fp_line (start -1.6 0.8) (end -1.6 -0.8) (layer F.Fab) (width 0.1))
    (pad 2 smd roundrect (at 1.4875 0) (size 1.425 1.75) (layers F.Cu F.Paste F.Mask) (roundrect_rratio 0.175439)
      (net 7 A5))
    (pad 1 smd roundrect (at -1.4875 0) (size 1.425 1.75) (layers F.Cu F.Paste F.Mask) (roundrect_rratio 0.175439)
      (net 1 GND))
    (model ${KISYS3DMOD}/Capacitor_SMD.3dshapes/C_1206_3216Metric.wrl
      (at (xyz 0 0 0))
      (scale (xyz 1 1 1))
      (rotate (xyz 0 0 0))
    )
  )

  (module Capacitor_SMD:C_1206_3216Metric_Pad1.42x1.75mm_HandSolder (layer F.Cu) (tedit 5B301BBE) (tstamp 5FF60208)
    (at 209.685001 82.125001)
    (descr "Capacitor SMD 1206 (3216 Metric), square (rectangular) end terminal, IPC_7351 nominal with elongated pad for handsoldering. (Body size source: http://www.tortai-tech.com/upload/download/2011102023233369053.pdf), generated with kicad-footprint-generator")
    (tags "capacitor handsolder")
    (path /5FF7BAAD)
    (attr smd)
    (fp_text reference C7 (at 0 -1.82) (layer F.SilkS)
      (effects (font (size 1 1) (thickness 0.15)))
    )
    (fp_text value 0.1uF (at 0 1.82) (layer F.Fab)
      (effects (font (size 1 1) (thickness 0.15)))
    )
    (fp_text user %R (at 0 0) (layer F.Fab)
      (effects (font (size 0.8 0.8) (thickness 0.12)))
    )
    (fp_line (start 2.45 1.12) (end -2.45 1.12) (layer F.CrtYd) (width 0.05))
    (fp_line (start 2.45 -1.12) (end 2.45 1.12) (layer F.CrtYd) (width 0.05))
    (fp_line (start -2.45 -1.12) (end 2.45 -1.12) (layer F.CrtYd) (width 0.05))
    (fp_line (start -2.45 1.12) (end -2.45 -1.12) (layer F.CrtYd) (width 0.05))
    (fp_line (start -0.602064 0.91) (end 0.602064 0.91) (layer F.SilkS) (width 0.12))
    (fp_line (start -0.602064 -0.91) (end 0.602064 -0.91) (layer F.SilkS) (width 0.12))
    (fp_line (start 1.6 0.8) (end -1.6 0.8) (layer F.Fab) (width 0.1))
    (fp_line (start 1.6 -0.8) (end 1.6 0.8) (layer F.Fab) (width 0.1))
    (fp_line (start -1.6 -0.8) (end 1.6 -0.8) (layer F.Fab) (width 0.1))
    (fp_line (start -1.6 0.8) (end -1.6 -0.8) (layer F.Fab) (width 0.1))
    (pad 2 smd roundrect (at 1.4875 0) (size 1.425 1.75) (layers F.Cu F.Paste F.Mask) (roundrect_rratio 0.175439)
      (net 8 A6))
    (pad 1 smd roundrect (at -1.4875 0) (size 1.425 1.75) (layers F.Cu F.Paste F.Mask) (roundrect_rratio 0.175439)
      (net 1 GND))
    (model ${KISYS3DMOD}/Capacitor_SMD.3dshapes/C_1206_3216Metric.wrl
      (at (xyz 0 0 0))
      (scale (xyz 1 1 1))
      (rotate (xyz 0 0 0))
    )
  )

  (module Capacitor_SMD:C_1206_3216Metric_Pad1.42x1.75mm_HandSolder (layer F.Cu) (tedit 5B301BBE) (tstamp 5FF60219)
    (at 167.075001 124.695001)
    (descr "Capacitor SMD 1206 (3216 Metric), square (rectangular) end terminal, IPC_7351 nominal with elongated pad for handsoldering. (Body size source: http://www.tortai-tech.com/upload/download/2011102023233369053.pdf), generated with kicad-footprint-generator")
    (tags "capacitor handsolder")
    (path /5FF7EA4C)
    (attr smd)
    (fp_text reference C8 (at 0 -1.82) (layer F.SilkS)
      (effects (font (size 1 1) (thickness 0.15)))
    )
    (fp_text value 0.1uF (at 0 1.82) (layer F.Fab)
      (effects (font (size 1 1) (thickness 0.15)))
    )
    (fp_text user %R (at 0 0) (layer F.Fab)
      (effects (font (size 0.8 0.8) (thickness 0.12)))
    )
    (fp_line (start 2.45 1.12) (end -2.45 1.12) (layer F.CrtYd) (width 0.05))
    (fp_line (start 2.45 -1.12) (end 2.45 1.12) (layer F.CrtYd) (width 0.05))
    (fp_line (start -2.45 -1.12) (end 2.45 -1.12) (layer F.CrtYd) (width 0.05))
    (fp_line (start -2.45 1.12) (end -2.45 -1.12) (layer F.CrtYd) (width 0.05))
    (fp_line (start -0.602064 0.91) (end 0.602064 0.91) (layer F.SilkS) (width 0.12))
    (fp_line (start -0.602064 -0.91) (end 0.602064 -0.91) (layer F.SilkS) (width 0.12))
    (fp_line (start 1.6 0.8) (end -1.6 0.8) (layer F.Fab) (width 0.1))
    (fp_line (start 1.6 -0.8) (end 1.6 0.8) (layer F.Fab) (width 0.1))
    (fp_line (start -1.6 -0.8) (end 1.6 -0.8) (layer F.Fab) (width 0.1))
    (fp_line (start -1.6 0.8) (end -1.6 -0.8) (layer F.Fab) (width 0.1))
    (pad 2 smd roundrect (at 1.4875 0) (size 1.425 1.75) (layers F.Cu F.Paste F.Mask) (roundrect_rratio 0.175439)
      (net 9 A7))
    (pad 1 smd roundrect (at -1.4875 0) (size 1.425 1.75) (layers F.Cu F.Paste F.Mask) (roundrect_rratio 0.175439)
      (net 1 GND))
    (model ${KISYS3DMOD}/Capacitor_SMD.3dshapes/C_1206_3216Metric.wrl
      (at (xyz 0 0 0))
      (scale (xyz 1 1 1))
      (rotate (xyz 0 0 0))
    )
  )

  (module Capacitor_SMD:C_1206_3216Metric_Pad1.42x1.75mm_HandSolder (layer F.Cu) (tedit 5B301BBE) (tstamp 5FF6022A)
    (at 200.945001 90.585001)
    (descr "Capacitor SMD 1206 (3216 Metric), square (rectangular) end terminal, IPC_7351 nominal with elongated pad for handsoldering. (Body size source: http://www.tortai-tech.com/upload/download/2011102023233369053.pdf), generated with kicad-footprint-generator")
    (tags "capacitor handsolder")
    (path /5FF82117)
    (attr smd)
    (fp_text reference C9 (at 0 -1.82) (layer F.SilkS)
      (effects (font (size 1 1) (thickness 0.15)))
    )
    (fp_text value 0.1uF (at 0 1.82) (layer F.Fab)
      (effects (font (size 1 1) (thickness 0.15)))
    )
    (fp_text user %R (at 0 0) (layer F.Fab)
      (effects (font (size 0.8 0.8) (thickness 0.12)))
    )
    (fp_line (start 2.45 1.12) (end -2.45 1.12) (layer F.CrtYd) (width 0.05))
    (fp_line (start 2.45 -1.12) (end 2.45 1.12) (layer F.CrtYd) (width 0.05))
    (fp_line (start -2.45 -1.12) (end 2.45 -1.12) (layer F.CrtYd) (width 0.05))
    (fp_line (start -2.45 1.12) (end -2.45 -1.12) (layer F.CrtYd) (width 0.05))
    (fp_line (start -0.602064 0.91) (end 0.602064 0.91) (layer F.SilkS) (width 0.12))
    (fp_line (start -0.602064 -0.91) (end 0.602064 -0.91) (layer F.SilkS) (width 0.12))
    (fp_line (start 1.6 0.8) (end -1.6 0.8) (layer F.Fab) (width 0.1))
    (fp_line (start 1.6 -0.8) (end 1.6 0.8) (layer F.Fab) (width 0.1))
    (fp_line (start -1.6 -0.8) (end 1.6 -0.8) (layer F.Fab) (width 0.1))
    (fp_line (start -1.6 0.8) (end -1.6 -0.8) (layer F.Fab) (width 0.1))
    (pad 2 smd roundrect (at 1.4875 0) (size 1.425 1.75) (layers F.Cu F.Paste F.Mask) (roundrect_rratio 0.175439)
      (net 10 A8))
    (pad 1 smd roundrect (at -1.4875 0) (size 1.425 1.75) (layers F.Cu F.Paste F.Mask) (roundrect_rratio 0.175439)
      (net 1 GND))
    (model ${KISYS3DMOD}/Capacitor_SMD.3dshapes/C_1206_3216Metric.wrl
      (at (xyz 0 0 0))
      (scale (xyz 1 1 1))
      (rotate (xyz 0 0 0))
    )
  )

  (module Capacitor_SMD:C_1206_3216Metric_Pad1.42x1.75mm_HandSolder (layer F.Cu) (tedit 5B301BBE) (tstamp 5FF6023B)
    (at 190.395001 99.975001)
    (descr "Capacitor SMD 1206 (3216 Metric), square (rectangular) end terminal, IPC_7351 nominal with elongated pad for handsoldering. (Body size source: http://www.tortai-tech.com/upload/download/2011102023233369053.pdf), generated with kicad-footprint-generator")
    (tags "capacitor handsolder")
    (path /5FF852D2)
    (attr smd)
    (fp_text reference C10 (at 0 -1.82) (layer F.SilkS)
      (effects (font (size 1 1) (thickness 0.15)))
    )
    (fp_text value 0.1uF (at 0 1.82) (layer F.Fab)
      (effects (font (size 1 1) (thickness 0.15)))
    )
    (fp_text user %R (at 0 0) (layer F.Fab)
      (effects (font (size 0.8 0.8) (thickness 0.12)))
    )
    (fp_line (start 2.45 1.12) (end -2.45 1.12) (layer F.CrtYd) (width 0.05))
    (fp_line (start 2.45 -1.12) (end 2.45 1.12) (layer F.CrtYd) (width 0.05))
    (fp_line (start -2.45 -1.12) (end 2.45 -1.12) (layer F.CrtYd) (width 0.05))
    (fp_line (start -2.45 1.12) (end -2.45 -1.12) (layer F.CrtYd) (width 0.05))
    (fp_line (start -0.602064 0.91) (end 0.602064 0.91) (layer F.SilkS) (width 0.12))
    (fp_line (start -0.602064 -0.91) (end 0.602064 -0.91) (layer F.SilkS) (width 0.12))
    (fp_line (start 1.6 0.8) (end -1.6 0.8) (layer F.Fab) (width 0.1))
    (fp_line (start 1.6 -0.8) (end 1.6 0.8) (layer F.Fab) (width 0.1))
    (fp_line (start -1.6 -0.8) (end 1.6 -0.8) (layer F.Fab) (width 0.1))
    (fp_line (start -1.6 0.8) (end -1.6 -0.8) (layer F.Fab) (width 0.1))
    (pad 2 smd roundrect (at 1.4875 0) (size 1.425 1.75) (layers F.Cu F.Paste F.Mask) (roundrect_rratio 0.175439)
      (net 11 A9))
    (pad 1 smd roundrect (at -1.4875 0) (size 1.425 1.75) (layers F.Cu F.Paste F.Mask) (roundrect_rratio 0.175439)
      (net 1 GND))
    (model ${KISYS3DMOD}/Capacitor_SMD.3dshapes/C_1206_3216Metric.wrl
      (at (xyz 0 0 0))
      (scale (xyz 1 1 1))
      (rotate (xyz 0 0 0))
    )
  )

  (module Capacitor_SMD:C_1206_3216Metric_Pad1.42x1.75mm_HandSolder (layer F.Cu) (tedit 5B301BBE) (tstamp 5FF6024C)
    (at 194.995001 90.585001)
    (descr "Capacitor SMD 1206 (3216 Metric), square (rectangular) end terminal, IPC_7351 nominal with elongated pad for handsoldering. (Body size source: http://www.tortai-tech.com/upload/download/2011102023233369053.pdf), generated with kicad-footprint-generator")
    (tags "capacitor handsolder")
    (path /5FF88F1C)
    (attr smd)
    (fp_text reference C11 (at 0 -1.82) (layer F.SilkS)
      (effects (font (size 1 1) (thickness 0.15)))
    )
    (fp_text value 0.1uF (at 0 1.82) (layer F.Fab)
      (effects (font (size 1 1) (thickness 0.15)))
    )
    (fp_text user %R (at 0 0) (layer F.Fab)
      (effects (font (size 0.8 0.8) (thickness 0.12)))
    )
    (fp_line (start 2.45 1.12) (end -2.45 1.12) (layer F.CrtYd) (width 0.05))
    (fp_line (start 2.45 -1.12) (end 2.45 1.12) (layer F.CrtYd) (width 0.05))
    (fp_line (start -2.45 -1.12) (end 2.45 -1.12) (layer F.CrtYd) (width 0.05))
    (fp_line (start -2.45 1.12) (end -2.45 -1.12) (layer F.CrtYd) (width 0.05))
    (fp_line (start -0.602064 0.91) (end 0.602064 0.91) (layer F.SilkS) (width 0.12))
    (fp_line (start -0.602064 -0.91) (end 0.602064 -0.91) (layer F.SilkS) (width 0.12))
    (fp_line (start 1.6 0.8) (end -1.6 0.8) (layer F.Fab) (width 0.1))
    (fp_line (start 1.6 -0.8) (end 1.6 0.8) (layer F.Fab) (width 0.1))
    (fp_line (start -1.6 -0.8) (end 1.6 -0.8) (layer F.Fab) (width 0.1))
    (fp_line (start -1.6 0.8) (end -1.6 -0.8) (layer F.Fab) (width 0.1))
    (pad 2 smd roundrect (at 1.4875 0) (size 1.425 1.75) (layers F.Cu F.Paste F.Mask) (roundrect_rratio 0.175439)
      (net 12 A10))
    (pad 1 smd roundrect (at -1.4875 0) (size 1.425 1.75) (layers F.Cu F.Paste F.Mask) (roundrect_rratio 0.175439)
      (net 1 GND))
    (model ${KISYS3DMOD}/Capacitor_SMD.3dshapes/C_1206_3216Metric.wrl
      (at (xyz 0 0 0))
      (scale (xyz 1 1 1))
      (rotate (xyz 0 0 0))
    )
  )

  (module Capacitor_SMD:C_1206_3216Metric_Pad1.42x1.75mm_HandSolder (layer F.Cu) (tedit 5B301BBE) (tstamp 5FF6025D)
    (at 167.075001 121.405001)
    (descr "Capacitor SMD 1206 (3216 Metric), square (rectangular) end terminal, IPC_7351 nominal with elongated pad for handsoldering. (Body size source: http://www.tortai-tech.com/upload/download/2011102023233369053.pdf), generated with kicad-footprint-generator")
    (tags "capacitor handsolder")
    (path /5FF8C548)
    (attr smd)
    (fp_text reference C12 (at 0 -1.82) (layer F.SilkS)
      (effects (font (size 1 1) (thickness 0.15)))
    )
    (fp_text value 0.1uF (at 0 1.82) (layer F.Fab)
      (effects (font (size 1 1) (thickness 0.15)))
    )
    (fp_line (start -1.6 0.8) (end -1.6 -0.8) (layer F.Fab) (width 0.1))
    (fp_line (start -1.6 -0.8) (end 1.6 -0.8) (layer F.Fab) (width 0.1))
    (fp_line (start 1.6 -0.8) (end 1.6 0.8) (layer F.Fab) (width 0.1))
    (fp_line (start 1.6 0.8) (end -1.6 0.8) (layer F.Fab) (width 0.1))
    (fp_line (start -0.602064 -0.91) (end 0.602064 -0.91) (layer F.SilkS) (width 0.12))
    (fp_line (start -0.602064 0.91) (end 0.602064 0.91) (layer F.SilkS) (width 0.12))
    (fp_line (start -2.45 1.12) (end -2.45 -1.12) (layer F.CrtYd) (width 0.05))
    (fp_line (start -2.45 -1.12) (end 2.45 -1.12) (layer F.CrtYd) (width 0.05))
    (fp_line (start 2.45 -1.12) (end 2.45 1.12) (layer F.CrtYd) (width 0.05))
    (fp_line (start 2.45 1.12) (end -2.45 1.12) (layer F.CrtYd) (width 0.05))
    (fp_text user %R (at 0 0) (layer F.Fab)
      (effects (font (size 0.8 0.8) (thickness 0.12)))
    )
    (pad 1 smd roundrect (at -1.4875 0) (size 1.425 1.75) (layers F.Cu F.Paste F.Mask) (roundrect_rratio 0.175439)
      (net 1 GND))
    (pad 2 smd roundrect (at 1.4875 0) (size 1.425 1.75) (layers F.Cu F.Paste F.Mask) (roundrect_rratio 0.175439)
      (net 13 A11))
    (model ${KISYS3DMOD}/Capacitor_SMD.3dshapes/C_1206_3216Metric.wrl
      (at (xyz 0 0 0))
      (scale (xyz 1 1 1))
      (rotate (xyz 0 0 0))
    )
  )

  (module Diode_THT:D_DO-201_P15.24mm_Horizontal (layer F.Cu) (tedit 5AE50CD5) (tstamp 5FF6027C)
    (at 180.755001 79.455001)
    (descr "Diode, DO-201 series, Axial, Horizontal, pin pitch=15.24mm, , length*diameter=9.53*5.21mm^2, , http://www.diodes.com/_files/packages/DO-201.pdf")
    (tags "Diode DO-201 series Axial Horizontal pin pitch 15.24mm  length 9.53mm diameter 5.21mm")
    (path /603B2B76)
    (fp_text reference D1 (at 7.62 -3.725) (layer F.SilkS)
      (effects (font (size 1 1) (thickness 0.15)))
    )
    (fp_text value 1N5347B (at 7.62 3.725) (layer F.Fab)
      (effects (font (size 1 1) (thickness 0.15)))
    )
    (fp_line (start 2.855 -2.605) (end 2.855 2.605) (layer F.Fab) (width 0.1))
    (fp_line (start 2.855 2.605) (end 12.385 2.605) (layer F.Fab) (width 0.1))
    (fp_line (start 12.385 2.605) (end 12.385 -2.605) (layer F.Fab) (width 0.1))
    (fp_line (start 12.385 -2.605) (end 2.855 -2.605) (layer F.Fab) (width 0.1))
    (fp_line (start 0 0) (end 2.855 0) (layer F.Fab) (width 0.1))
    (fp_line (start 15.24 0) (end 12.385 0) (layer F.Fab) (width 0.1))
    (fp_line (start 4.2845 -2.605) (end 4.2845 2.605) (layer F.Fab) (width 0.1))
    (fp_line (start 4.3845 -2.605) (end 4.3845 2.605) (layer F.Fab) (width 0.1))
    (fp_line (start 4.1845 -2.605) (end 4.1845 2.605) (layer F.Fab) (width 0.1))
    (fp_line (start 2.735 -2.725) (end 2.735 2.725) (layer F.SilkS) (width 0.12))
    (fp_line (start 2.735 2.725) (end 12.505 2.725) (layer F.SilkS) (width 0.12))
    (fp_line (start 12.505 2.725) (end 12.505 -2.725) (layer F.SilkS) (width 0.12))
    (fp_line (start 12.505 -2.725) (end 2.735 -2.725) (layer F.SilkS) (width 0.12))
    (fp_line (start 1.54 0) (end 2.735 0) (layer F.SilkS) (width 0.12))
    (fp_line (start 13.7 0) (end 12.505 0) (layer F.SilkS) (width 0.12))
    (fp_line (start 4.2845 -2.725) (end 4.2845 2.725) (layer F.SilkS) (width 0.12))
    (fp_line (start 4.4045 -2.725) (end 4.4045 2.725) (layer F.SilkS) (width 0.12))
    (fp_line (start 4.1645 -2.725) (end 4.1645 2.725) (layer F.SilkS) (width 0.12))
    (fp_line (start -1.55 -2.86) (end -1.55 2.86) (layer F.CrtYd) (width 0.05))
    (fp_line (start -1.55 2.86) (end 16.79 2.86) (layer F.CrtYd) (width 0.05))
    (fp_line (start 16.79 2.86) (end 16.79 -2.86) (layer F.CrtYd) (width 0.05))
    (fp_line (start 16.79 -2.86) (end -1.55 -2.86) (layer F.CrtYd) (width 0.05))
    (fp_text user %R (at 8.33475 0) (layer F.Fab)
      (effects (font (size 1 1) (thickness 0.15)))
    )
    (fp_text user K (at 0 -2.3) (layer F.Fab)
      (effects (font (size 1 1) (thickness 0.15)))
    )
    (fp_text user K (at 0 -2.3) (layer F.SilkS)
      (effects (font (size 1 1) (thickness 0.15)))
    )
    (pad 1 thru_hole rect (at 0 0) (size 2.6 2.6) (drill 1.3) (layers *.Cu *.Mask)
      (net 14 "Net-(D1-Pad1)"))
    (pad 2 thru_hole oval (at 15.24 0) (size 2.6 2.6) (drill 1.3) (layers *.Cu *.Mask)
      (net 15 "Net-(D1-Pad2)"))
    (model ${KISYS3DMOD}/Diode_THT.3dshapes/D_DO-201_P15.24mm_Horizontal.wrl
      (at (xyz 0 0 0))
      (scale (xyz 1 1 1))
      (rotate (xyz 0 0 0))
    )
  )

  (module LED_SMD:LED_0805_2012Metric_Pad1.15x1.40mm_HandSolder (layer F.Cu) (tedit 5B4B45C9) (tstamp 5FF70ACC)
    (at 261.62 87.63 30)
    (descr "LED SMD 0805 (2012 Metric), square (rectangular) end terminal, IPC_7351 nominal, (Body size source: https://docs.google.com/spreadsheets/d/1BsfQQcO9C6DZCsRaXUlFlo91Tg2WpOkGARC1WS5S8t0/edit?usp=sharing), generated with kicad-footprint-generator")
    (tags "LED handsolder")
    (path /6041850B)
    (attr smd)
    (fp_text reference D2 (at 0 -1.65 30) (layer F.SilkS)
